accracy=0.90~0.93 loss=0.20~0.40
