accuracy=0.90~0.93
loss=0.10~0.30
